[
    {
        "dataset": "chess",
        "set_num": 1,
        "distortion_type": "raw",
        "filename": "frame-000000.color.png",
        "pose": [
            [
                0.9972032308578491,
                0.023499419912695885,
                0.0709473118185997,
                -0.011551415547728539
            ],
            [
                -0.04768224060535431,
                0.9310270547866821,
                0.36182186007499695,
                -0.775607168674469
            ],
            [
                -0.05755126103758812,
                -0.3641928434371948,
                0.929543673992157,
                -0.7003670334815979
            ],
            [
                0.0,
                0.0,
                0.0,
                1.0
            ]
        ],
        "latency_ms": 473.82354736328125
    },
    {
        "dataset": "chess",
        "set_num": 1,
        "distortion_type": "raw",
        "filename": "frame-000001.color.png",
        "pose": [
            [
                0.9974231719970703,
                0.022158654406666756,
                0.06823499500751495,
                -0.01046688761562109
            ],
            [
                -0.04559065029025078,
                0.9301390051841736,
                0.36436644196510315,
                -0.774611234664917
            ],
            [
                -0.05539415776729584,
                -0.366538405418396,
                0.9287524223327637,
                -0.6967839002609253
            ],
            [
                0.0,
                0.0,
                0.0,
                1.0
            ]
        ],
        "latency_ms": 469.0425395965576
    },
    {
        "dataset": "chess",
        "set_num": 1,
        "distortion_type": "raw",
        "filename": "frame-000002.color.png",
        "pose": [
            [
                0.9973806738853455,
                0.02216319739818573,
                0.06885164231061935,
                -0.0116543248295784
            ],
            [
                -0.04584250971674919,
                0.9299922585487366,
                0.3647092282772064,
                -0.7718409895896912
            ],
            [
                -0.05594837665557861,
                -0.36691027879714966,
                0.9285723567008972,
                -0.6967545747756958
            ],
            [
                0.0,
                0.0,
                0.0,
                1.0
            ]
        ],
        "latency_ms": 450.54054260253906
    },
    {
        "dataset": "chess",
        "set_num": 1,
        "distortion_type": "raw",
        "filename": "frame-000003.color.png",
        "pose": [
            [
                0.9974212646484375,
                0.021879015490412712,
                0.06835339963436127,
                -0.01089016254991293
            ],
            [
                -0.045493632555007935,
                0.9293546080589294,
                0.3663746118545532,
                -0.7733911871910095
            ],
            [
                -0.055508632212877274,
                -0.3685394525527954,
                0.9279533624649048,
                -0.6938721537590027
            ],
            [
                0.0,
                0.0,
                0.0,
                1.0
            ]
        ],
        "latency_ms": 441.9519901275635
    },
    {
        "dataset": "chess",
        "set_num": 1,
        "distortion_type": "raw",
        "filename": "frame-000004.color.png",
        "pose": [
            [
                0.9975903630256653,
                0.020292842760682106,
                0.06634471565485,
                -0.010212577879428864
            ],
            [
                -0.043199822306632996,
                0.9299545288085938,
                0.3651278614997864,
                -0.7713618874549866
            ],
            [
                -0.05428808555006981,
                -0.3671141266822815,
                0.9285903573036194,
                -0.6915122270584106
            ],
            [
                0.0,
                0.0,
                0.0,
                1.0
            ]
        ],
        "latency_ms": 460.019588470459
    },
    {
        "dataset": "chess",
        "set_num": 1,
        "distortion_type": "raw",
        "filename": "frame-000005.color.png",
        "pose": [
            [
                0.9976769089698792,
                0.019509419798851013,
                0.0652703195810318,
                -0.007507232949137688
            ],
            [
                -0.042118631303310394,
                0.9296975135803223,
                0.3659079074859619,
                -0.7724761366844177
            ],
            [
                -0.05354300141334534,
                -0.36780697107315063,
                0.9283593893051147,
                -0.6895566582679749
            ],
            [
                0.0,
                0.0,
                0.0,
                1.0
            ]
        ],
        "latency_ms": 333.8453769683838
    },
    {
        "dataset": "chess",
        "set_num": 1,
        "distortion_type": "raw",
        "filename": "frame-000006.color.png",
        "pose": [
            [
                0.9975979924201965,
                0.019489137455821037,
                0.066471628844738,
                -0.008697756566107273
            ],
            [
                -0.042599357664585114,
                0.9293003678321838,
                0.3668597936630249,
                -0.7773086428642273
            ],
            [
                -0.05462232977151871,
                -0.36881023645401,
                0.9278984069824219,
                -0.6871595978736877
            ],
            [
                0.0,
                0.0,
                0.0,
                1.0
            ]
        ],
        "latency_ms": 298.947811126709
    },
    {
        "dataset": "chess",
        "set_num": 1,
        "distortion_type": "raw",
        "filename": "frame-000007.color.png",
        "pose": [
            [
                0.9977841973304749,
                0.016803767532110214,
                0.06437605619430542,
                -0.007061565760523081
            ],
            [
                -0.039215944707393646,
                0.9301728010177612,
                0.3650214672088623,
                -0.7743570804595947
            ],
            [
                -0.05374712496995926,
                -0.3667372167110443,
                0.9287707209587097,
                -0.6874843239784241
            ],
            [
                0.0,
                0.0,
                0.0,
                1.0
            ]
        ],
        "latency_ms": 292.407751083374
    },
    {
        "dataset": "chess",
        "set_num": 1,
        "distortion_type": "raw",
        "filename": "frame-000008.color.png",
        "pose": [
            [
                0.9977971911430359,
                0.01607556827366352,
                0.06436105817556381,
                -0.008060451596975327
            ],
            [
                -0.03854350745677948,
                0.9301202297210693,
                0.3652269244194031,
                -0.7708578705787659
            ],
            [
                -0.053992293775081635,
                -0.3669030964374542,
                0.9286909699440002,
                -0.6863060593605042
            ],
            [
                0.0,
                0.0,
                0.0,
                1.0
            ]
        ],
        "latency_ms": 305.8347702026367
    },
    {
        "dataset": "chess",
        "set_num": 1,
        "distortion_type": "raw",
        "filename": "frame-000009.color.png",
        "pose": [
            [
                0.9978235363960266,
                0.016668690368533134,
                0.06379885971546173,
                -0.009719797410070896
            ],
            [
                -0.03892599046230316,
                0.929853081703186,
                0.3658660352230072,
                -0.7699533104896545
            ],
            [
                -0.05322505906224251,
                -0.3675532042980194,
                0.9284781813621521,
                -0.6836517453193665
            ],
            [
                0.0,
                0.0,
                0.0,
                1.0
            ]
        ],
        "latency_ms": 288.4681224822998
    },
    {
        "dataset": "chess",
        "set_num": 1,
        "distortion_type": "raw",
        "filename": "frame-000010.color.png",
        "pose": [
            [
                0.9984044432640076,
                0.018460307270288467,
                0.05336519330739975,
                -0.008584822528064251
            ],
            [
                -0.03683488070964813,
                0.9292134642601013,
                0.36770302057266235,
                -0.7732018232345581
            ],
            [
                -0.04279974475502968,
                -0.3690820038318634,
                0.9284108281135559,
                -0.6741169691085815
            ],
            [
                0.0,
                0.0,
                0.0,
                1.0
            ]
        ],
        "latency_ms": 325.6556987762451
    },
    {
        "dataset": "chess",
        "set_num": 1,
        "distortion_type": "raw",
        "filename": "frame-000011.color.png",
        "pose": [
            [
                0.9987248182296753,
                0.023900508880615234,
                0.04446890577673912,
                -0.010391595773398876
            ],
            [
                -0.03856077790260315,
                0.9296704530715942,
                0.3663685917854309,
                -0.7722030878067017
            ],
            [
                -0.032585032284259796,
                -0.3676161468029022,
                0.9294065833091736,
                -0.6667808890342712
            ],
            [
                0.0,
                0.0,
                0.0,
                1.0
            ]
        ],
        "latency_ms": 357.7711582183838
    },
    {
        "dataset": "chess",
        "set_num": 1,
        "distortion_type": "raw",
        "filename": "frame-000012.color.png",
        "pose": [
            [
                0.9990019202232361,
                0.029762553051114082,
                0.033306367695331573,
                -0.012050611898303032
            ],
            [
                -0.03988095745444298,
                0.9301420450210571,
                0.3650278151035309,
                -0.7725092172622681
            ],
            [
                -0.02011549100279808,
                -0.3659917712211609,
                0.9304006695747375,
                -0.6590666770935059
            ],
            [
                0.0,
                0.0,
                0.0,
                1.0
            ]
        ],
        "latency_ms": 296.7047691345215
    },
    {
        "dataset": "chess",
        "set_num": 1,
        "distortion_type": "raw",
        "filename": "frame-000013.color.png",
        "pose": [
            [
                0.9990516901016235,
                0.04305699095129967,
                0.006468708626925945,
                -0.003973293583840132
            ],
            [
                -0.042447227984666824,
                0.9300845265388489,
                0.3648849129676819,
                -0.7812358140945435
            ],
            [
                0.009694401174783707,
                -0.3648134768009186,
                0.9310301542282104,
                -0.642555296421051
            ],
            [
                0.0,
                0.0,
                0.0,
                1.0
            ]
        ],
        "latency_ms": 330.7926654815674
    },
    {
        "dataset": "chess",
        "set_num": 1,
        "distortion_type": "raw",
        "filename": "frame-000014.color.png",
        "pose": [
            [
                0.9987323880195618,
                0.05027832090854645,
                -0.002388204913586378,
                -0.005321158561855555
            ],
            [
                -0.04593292623758316,
                0.9297655820846558,
                0.36527547240257263,
                -0.781907320022583
            ],
            [
                0.020585909485816956,
                -0.3647027611732483,
                0.9308964014053345,
                -0.6390137076377869
            ],
            [
                0.0,
                0.0,
                0.0,
                1.0
            ]
        ],
        "latency_ms": 332.0739269256592
    },
    {
        "dataset": "chess",
        "set_num": 1,
        "distortion_type": "raw",
        "filename": "frame-000015.color.png",
        "pose": [
            [
                0.9975268244743347,
                0.06703569740056992,
                -0.021129706874489784,
                -0.004905414301902056
            ],
            [
                -0.05433756113052368,
                0.926184356212616,
                0.37313535809516907,
                -0.7820543646812439
            ],
            [
                0.04458339512348175,
                -0.3710643947124481,
                0.9275362491607666,
                -0.6163222789764404
            ],
            [
                0.0,
                0.0,
                0.0,
                1.0
            ]
        ],
        "latency_ms": 335.5674743652344
    },
    {
        "dataset": "chess",
        "set_num": 1,
        "distortion_type": "raw",
        "filename": "frame-000016.color.png",
        "pose": [
            [
                0.9968119263648987,
                0.07352827489376068,
                -0.030977873131632805,
                -0.0017562095308676362
            ],
            [
                -0.05632752925157547,
                0.9234922528266907,
                0.3794592320919037,
                -0.7855085730552673
            ],
            [
                0.056508805602788925,
                -0.3765045702457428,
                0.9246897101402283,
                -0.6028425097465515
            ],
            [
                0.0,
                0.0,
                0.0,
                1.0
            ]
        ],
        "latency_ms": 336.43293380737305
    },
    {
        "dataset": "chess",
        "set_num": 1,
        "distortion_type": "raw",
        "filename": "frame-000017.color.png",
        "pose": [
            [
                0.9959372878074646,
                0.0813978910446167,
                -0.038513440638780594,
                -0.0013365194899961352
            ],
            [
                -0.060482583940029144,
                0.9215230345726013,
                0.3835846781730652,
                -0.7832996249198914
            ],
            [
                0.06671400368213654,
                -0.37969687581062317,
                0.9227023124694824,
                -0.586758017539978
            ],
            [
                0.0,
                0.0,
                0.0,
                1.0
            ]
        ],
        "latency_ms": 331.6476345062256
    },
    {
        "dataset": "chess",
        "set_num": 1,
        "distortion_type": "raw",
        "filename": "frame-000018.color.png",
        "pose": [
            [
                0.9940337538719177,
                0.0945349857211113,
                -0.05440579727292061,
                0.0018383533461019397
            ],
            [
                -0.06581023335456848,
                0.9176018834114075,
                0.3920149803161621,
                -0.7900010943412781
            ],
            [
                0.08698199689388275,
                -0.38609567284584045,
                0.9183486700057983,
                -0.5529764890670776
            ],
            [
                0.0,
                0.0,
                0.0,
                1.0
            ]
        ],
        "latency_ms": 308.41946601867676
    },
    {
        "dataset": "chess",
        "set_num": 1,
        "distortion_type": "raw",
        "filename": "frame-000019.color.png",
        "pose": [
            [
                0.9931356310844421,
                0.09869420528411865,
                -0.06277810037136078,
                0.005196945276111364
            ],
            [
                -0.065965436398983,
                0.9157996773719788,
                0.3961811065673828,
                -0.791500449180603
            ],
            [
                0.09659294784069061,
                -0.38932037353515625,
                0.9160237312316895,
                -0.5377213954925537
            ],
            [
                0.0,
                0.0,
                0.0,
                1.0
            ]
        ],
        "latency_ms": 303.5285472869873
    },
    {
        "dataset": "chess",
        "set_num": 1,
        "distortion_type": "raw",
        "filename": "frame-000020.color.png",
        "pose": [
            [
                0.9913393259048462,
                0.10671095550060272,
                -0.07654488831758499,
                0.007094183005392551
            ],
            [
                -0.06738615781068802,
                0.9136187434196472,
                0.40094879269599915,
                -0.7942567467689514
            ],
            [
                0.11271847039461136,
                -0.3923182189464569,
                0.912896990776062,
                -0.5075366497039795
            ],
            [
                0.0,
                0.0,
                0.0,
                1.0
            ]
        ],
        "latency_ms": 303.363561630249
    },
    {
        "dataset": "chess",
        "set_num": 1,
        "distortion_type": "raw",
        "filename": "frame-000021.color.png",
        "pose": [
            [
                0.990169882774353,
                0.11085508018732071,
                -0.0852920338511467,
                0.01168000791221857
            ],
            [
                -0.06742800772190094,
                0.9125779271125793,
                0.4033051133155823,
                -0.7956685423851013
            ],
            [
                0.1225440502166748,
                -0.3935895264148712,
                0.9110819101333618,
                -0.49360376596450806
            ],
            [
                0.0,
                0.0,
                0.0,
                1.0
            ]
        ],
        "latency_ms": 321.4285373687744
    },
    {
        "dataset": "chess",
        "set_num": 1,
        "distortion_type": "raw",
        "filename": "frame-000022.color.png",
        "pose": [
            [
                0.9891679883003235,
                0.11512649059295654,
                -0.09106358885765076,
                0.012242035940289497
            ],
            [
                -0.06853479146957397,
                0.910828173160553,
                0.4070565402507782,
                -0.8016078472137451
            ],
            [
                0.1298062801361084,
                -0.39640626311302185,
                0.908852219581604,
                -0.47605136036872864
            ],
            [
                0.0,
                0.0,
                0.0,
                1.0
            ]
        ],
        "latency_ms": 292.572021484375
    },
    {
        "dataset": "chess",
        "set_num": 1,
        "distortion_type": "raw",
        "filename": "frame-000023.color.png",
        "pose": [
            [
                0.986896276473999,
                0.1231062039732933,
                -0.10431035608053207,
                0.022318577393889427
            ],
            [
                -0.0706678181886673,
                0.9109272956848145,
                0.4064696133136749,
                -0.8059179186820984
            ],
            [
                0.14505808055400848,
                -0.3937719464302063,
                0.9076903462409973,
                -0.44637444615364075
            ],
            [
                0.0,
                0.0,
                0.0,
                1.0
            ]
        ],
        "latency_ms": 304.1369915008545
    },
    {
        "dataset": "chess",
        "set_num": 1,
        "distortion_type": "raw",
        "filename": "frame-000024.color.png",
        "pose": [
            [
                0.9861083030700684,
                0.12688875198364258,
                -0.1071895882487297,
                0.02122284658253193
            ],
            [
                -0.0730796605348587,
                0.9109316468238831,
                0.40603309869766235,
                -0.8082707524299622
            ],
            [
                0.14916342496871948,
                -0.3925592303276062,
                0.9075502753257751,
                -0.4360249638557434
            ],
            [
                0.0,
                0.0,
                0.0,
                1.0
            ]
        ],
        "latency_ms": 320.9795951843262
    },
    {
        "dataset": "chess",
        "set_num": 1,
        "distortion_type": "raw",
        "filename": "frame-000025.color.png",
        "pose": [
            [
                0.9832094311714172,
                0.1411418467760086,
                -0.11566421389579773,
                0.02975030615925789
            ],
            [
                -0.0824594721198082,
                0.9090815782546997,
                0.4083762466907501,
                -0.8169146180152893
            ],
            [
                0.16278718411922455,
                -0.39198175072669983,
                0.905456006526947,
                -0.4071759879589081
            ],
            [
                0.0,
                0.0,
                0.0,
                1.0
            ]
        ],
        "latency_ms": 309.0932369232178
    },
    {
        "dataset": "chess",
        "set_num": 1,
        "distortion_type": "raw",
        "filename": "frame-000026.color.png",
        "pose": [
            [
                0.9809173345565796,
                0.15175127983093262,
                -0.12154290080070496,
                0.0347774438560009
            ],
            [
                -0.0896478071808815,
                0.9077397584915161,
                0.4098436236381531,
                -0.8217424154281616
            ],
            [
                0.1725236177444458,
                -0.3911266624927521,
                0.9040218591690063,
                -0.3886168301105499
            ],
            [
                0.0,
                0.0,
                0.0,
                1.0
            ]
        ],
        "latency_ms": 310.5661869049072
    },
    {
        "dataset": "chess",
        "set_num": 1,
        "distortion_type": "raw",
        "filename": "frame-000027.color.png",
        "pose": [
            [
                0.9770486354827881,
                0.1670142561197281,
                -0.1322200745344162,
                0.03644445538520813
            ],
            [
                -0.0997677892446518,
                0.9072017669677734,
                0.4086947441101074,
                -0.8314526677131653
            ],
            [
                0.18820813298225403,
                -0.38612332940101624,
                0.9030429124832153,
                -0.36081498861312866
            ],
            [
                0.0,
                0.0,
                0.0,
                1.0
            ]
        ],
        "latency_ms": 304.03900146484375
    },
    {
        "dataset": "chess",
        "set_num": 1,
        "distortion_type": "raw",
        "filename": "frame-000028.color.png",
        "pose": [
            [
                0.9743726849555969,
                0.1751299351453781,
                -0.14116457104682922,
                0.04206845909357071
            ],
            [
                -0.10427917540073395,
                0.9077377915382385,
                0.40637171268463135,
                -0.8327724933624268
            ],
            [
                0.19930826127529144,
                -0.3812369406223297,
                0.9027372598648071,
                -0.34771567583084106
            ],
            [
                0.0,
                0.0,
                0.0,
                1.0
            ]
        ],
        "latency_ms": 321.43330574035645
    },
    {
        "dataset": "chess",
        "set_num": 1,
        "distortion_type": "raw",
        "filename": "frame-000029.color.png",
        "pose": [
            [
                0.9692901372909546,
                0.19228819012641907,
                -0.1533033698797226,
                0.054804302752017975
            ],
            [
                -0.11659286171197891,
                0.9081987738609314,
                0.4019714891910553,
                -0.8411481976509094
            ],
            [
                0.21652430295944214,
                -0.37175291776657104,
                0.9027275443077087,
                -0.32057318091392517
            ],
            [
                0.0,
                0.0,
                0.0,
                1.0
            ]
        ],
        "latency_ms": 324.0220546722412
    },
    {
        "dataset": "chess",
        "set_num": 1,
        "distortion_type": "raw",
        "filename": "frame-000030.color.png",
        "pose": [
            [
                0.9672821164131165,
                0.20060622692108154,
                -0.1553141474723816,
                0.05894071236252785
            ],
            [
                -0.12382140010595322,
                0.9076109528541565,
                0.4011366069316864,
                -0.8497178554534912
            ],
            [
                0.2214353233575821,
                -0.36878103017807007,
                0.9027552008628845,
                -0.3050042986869812
            ],
            [
                0.0,
                0.0,
                0.0,
                1.0
            ]
        ],
        "latency_ms": 303.1737804412842
    },
    {
        "dataset": "chess",
        "set_num": 1,
        "distortion_type": "raw",
        "filename": "frame-000031.color.png",
        "pose": [
            [
                0.9659560918807983,
                0.20435909926891327,
                -0.15863864123821259,
                0.06337897479534149
            ],
            [
                -0.1272917538881302,
                0.9092759490013123,
                0.39625000953674316,
                -0.8549860715866089
            ],
            [
                0.2252235859632492,
                -0.362566739320755,
                0.9043338298797607,
                -0.29017171263694763
            ],
            [
                0.0,
                0.0,
                0.0,
                1.0
            ]
        ],
        "latency_ms": 317.1367645263672
    },
    {
        "dataset": "chess",
        "set_num": 1,
        "distortion_type": "raw",
        "filename": "frame-000032.color.png",
        "pose": [
            [
                0.9619520306587219,
                0.2164226472377777,
                -0.1667618304491043,
                0.07815860956907272
            ],
            [
                -0.13664691150188446,
                0.9096370339393616,
                0.39228570461273193,
                -0.8637264370918274
            ],
            [
                0.23659224808216095,
                -0.3545725345611572,
                0.9046006798744202,
                -0.27053123712539673
            ],
            [
                0.0,
                0.0,
                0.0,
                1.0
            ]
        ],
        "latency_ms": 313.66872787475586
    },
    {
        "dataset": "chess",
        "set_num": 1,
        "distortion_type": "raw",
        "filename": "frame-000033.color.png",
        "pose": [
            [
                0.9600446820259094,
                0.2223818302154541,
                -0.16988392174243927,
                0.0914352759718895
            ],
            [
                -0.14131304621696472,
                0.9092186689376831,
                0.39160194993019104,
                -0.8702329397201538
            ],
            [
                0.24154679477214813,
                -0.3519485592842102,
                0.9043159484863281,
                -0.25292345881462097
            ],
            [
                0.0,
                0.0,
                0.0,
                1.0
            ]
        ],
        "latency_ms": 298.464298248291
    },
    {
        "dataset": "chess",
        "set_num": 1,
        "distortion_type": "raw",
        "filename": "frame-000034.color.png",
        "pose": [
            [
                0.9586068391799927,
                0.228693425655365,
                -0.1696239411830902,
                0.09543944150209427
            ],
            [
                -0.14866653084754944,
                0.9100838303565979,
                0.3868406116962433,
                -0.8805222511291504
            ],
            [
                0.24283991754055023,
                -0.345610648393631,
                0.9064116477966309,
                -0.2276594042778015
            ],
            [
                0.0,
                0.0,
                0.0,
                1.0
            ]
        ],
        "latency_ms": 310.6849193572998
    },
    {
        "dataset": "chess",
        "set_num": 1,
        "distortion_type": "raw",
        "filename": "frame-000035.color.png",
        "pose": [
            [
                0.9578174948692322,
                0.22740067541599274,
                -0.17571160197257996,
                0.09753622114658356
            ],
            [
                -0.14620672166347504,
                0.9119863510131836,
                0.38328123092651367,
                -0.8855186104774475
            ],
            [
                0.24740499258041382,
                -0.34142324328422546,
                0.9067639708518982,
                -0.21730820834636688
            ],
            [
                0.0,
                0.0,
                0.0,
                1.0
            ]
        ],
        "latency_ms": 319.15879249572754
    },
    {
        "dataset": "chess",
        "set_num": 1,
        "distortion_type": "raw",
        "filename": "frame-000036.color.png",
        "pose": [
            [
                0.9557827115058899,
                0.22685399651527405,
                -0.1871272772550583,
                0.10661455988883972
            ],
            [
                -0.14292927086353302,
                0.9144686460494995,
                0.37857407331466675,
                -0.8868546485900879
            ],
            [
                0.2570030689239502,
                -0.3350885808467865,
                0.9064574241638184,
                -0.20757229626178741
            ],
            [
                0.0,
                0.0,
                0.0,
                1.0
            ]
        ],
        "latency_ms": 310.94980239868164
    },
    {
        "dataset": "chess",
        "set_num": 1,
        "distortion_type": "raw",
        "filename": "frame-000037.color.png",
        "pose": [
            [
                0.9512053728103638,
                0.2290177047252655,
                -0.2067829668521881,
                0.13097363710403442
            ],
            [
                -0.13812337815761566,
                0.9152998328208923,
                0.3783492147922516,
                -0.8865929841995239
            ],
            [
                0.27591708302497864,
                -0.3313262462615967,
                0.9022708535194397,
                -0.18655431270599365
            ],
            [
                0.0,
                0.0,
                0.0,
                1.0
            ]
        ],
        "latency_ms": 305.8309555053711
    },
    {
        "dataset": "chess",
        "set_num": 1,
        "distortion_type": "raw",
        "filename": "frame-000038.color.png",
        "pose": [
            [
                0.9501583576202393,
                0.23087452352046967,
                -0.2095138430595398,
                0.14571353793144226
            ],
            [
                -0.1378297656774521,
                0.9138472080230713,
                0.38195058703422546,
                -0.8927483558654785
            ],
            [
                0.27964627742767334,
                -0.33403629064559937,
                0.9001209139823914,
                -0.1704970747232437
            ],
            [
                0.0,
                0.0,
                0.0,
                1.0
            ]
        ],
        "latency_ms": 314.4211769104004
    },
    {
        "dataset": "chess",
        "set_num": 1,
        "distortion_type": "raw",
        "filename": "frame-000039.color.png",
        "pose": [
            [
                0.9519696235656738,
                0.23269817233085632,
                -0.199010968208313,
                0.15924248099327087
            ],
            [
                -0.1431073695421219,
                0.9127311706542969,
                0.38267746567726135,
                -0.8928327560424805
            ],
            [
                0.2706918716430664,
                -0.3358173966407776,
                0.9021931886672974,
                -0.1481504887342453
            ],
            [
                0.0,
                0.0,
                0.0,
                1.0
            ]
        ],
        "latency_ms": 318.3777332305908
    },
    {
        "dataset": "chess",
        "set_num": 1,
        "distortion_type": "raw",
        "filename": "frame-000040.color.png",
        "pose": [
            [
                0.9530216455459595,
                0.2323644459247589,
                -0.19431020319461823,
                0.16292397677898407
            ],
            [
                -0.14396604895591736,
                0.9118849039077759,
                0.38436925411224365,
                -0.8944989442825317
            ],
            [
                0.2665022909641266,
                -0.338338166475296,
                0.9024986624717712,
                -0.132032573223114
            ],
            [
                0.0,
                0.0,
                0.0,
                1.0
            ]
        ],
        "latency_ms": 311.11812591552734
    },
    {
        "dataset": "chess",
        "set_num": 1,
        "distortion_type": "raw",
        "filename": "frame-000041.color.png",
        "pose": [
            [
                0.9566968679428101,
                0.21801599860191345,
                -0.1928732544183731,
                0.1785924881696701
            ],
            [
                -0.13147993385791779,
                0.9148077964782715,
                0.3818896412849426,
                -0.8905560970306396
            ],
            [
                0.2597000002861023,
                -0.3399936556816101,
                0.9038585424423218,
                -0.11058203876018524
            ],
            [
                0.0,
                0.0,
                0.0,
                1.0
            ]
        ],
        "latency_ms": 311.5062713623047
    },
    {
        "dataset": "chess",
        "set_num": 1,
        "distortion_type": "raw",
        "filename": "frame-000042.color.png",
        "pose": [
            [
                0.95730060338974,
                0.2159309983253479,
                -0.19222228229045868,
                0.18857964873313904
            ],
            [
                -0.1290498524904251,
                0.9141716361045837,
                0.38423481583595276,
                -0.8869665265083313
            ],
            [
                0.25869235396385193,
                -0.343021959066391,
                0.9030028581619263,
                -0.09601831436157227
            ],
            [
                0.0,
                0.0,
                0.0,
                1.0
            ]
        ],
        "latency_ms": 313.42244148254395
    },
    {
        "dataset": "chess",
        "set_num": 1,
        "distortion_type": "raw",
        "filename": "frame-000043.color.png",
        "pose": [
            [
                0.9600024819374084,
                0.21120356023311615,
                -0.1838158816099167,
                0.20832683145999908
            ],
            [
                -0.12528428435325623,
                0.9111426472663879,
                0.392584890127182,
                -0.8882197737693787
            ],
            [
                0.25039783120155334,
                -0.3538532257080078,
                0.9011597037315369,
                -0.06379757821559906
            ],
            [
                0.0,
                0.0,
                0.0,
                1.0
            ]
        ],
        "latency_ms": 368.90244483947754
    },
    {
        "dataset": "chess",
        "set_num": 1,
        "distortion_type": "raw",
        "filename": "frame-000044.color.png",
        "pose": [
            [
                0.9622953534126282,
                0.20763665437698364,
                -0.17571179568767548,
                0.2102528214454651
            ],
            [
                -0.12464044243097305,
                0.910771906375885,
                0.3936486840248108,
                -0.8856082558631897
            ],
            [
                0.24176926910877228,
                -0.3569054901599884,
                0.9023115038871765,
                -0.054998770356178284
            ],
            [
                0.0,
                0.0,
                0.0,
                1.0
            ]
        ],
        "latency_ms": 292.89746284484863
    },
    {
        "dataset": "chess",
        "set_num": 1,
        "distortion_type": "raw",
        "filename": "frame-000045.color.png",
        "pose": [
            [
                0.9660648703575134,
                0.20054812729358673,
                -0.162785604596138,
                0.224248006939888
            ],
            [
                -0.12088768184185028,
                0.9079811573028564,
                0.401193767786026,
                -0.8906432390213013
            ],
            [
                0.2282649129629135,
                -0.36790040135383606,
                0.9014124274253845,
                -0.028178425505757332
            ],
            [
                0.0,
                0.0,
                0.0,
                1.0
            ]
        ],
        "latency_ms": 318.6838626861572
    },
    {
        "dataset": "chess",
        "set_num": 1,
        "distortion_type": "raw",
        "filename": "frame-000046.color.png",
        "pose": [
            [
                0.9679480791091919,
                0.19903059303760529,
                -0.1531776338815689,
                0.23400507867336273
            ],
            [
                -0.12153446674346924,
                0.9049333333969116,
                0.407829612493515,
                -0.9003056287765503
            ],
            [
                0.21978610754013062,
                -0.3761415183544159,
                0.9001175761222839,
                -0.010406030341982841
            ],
            [
                0.0,
                0.0,
                0.0,
                1.0
            ]
        ],
        "latency_ms": 284.3947410583496
    },
    {
        "dataset": "chess",
        "set_num": 1,
